00 0000000000000000
00 0000000000000000
00 0000000000000000
00 0000000000000000
00 0000000000000000
00 0000000000000000
00 0000000000000000
00 0000000000000000
00 0000000000000000
00 0000000000000000
00 0000000000000000
00 0000000000000000
00 0000000000000000
00 0000000000000000
00 0000000000000000
00 0000000000000000
00 0000000000000000
00 0000000000000000
00 0000000000000000
00 0000000000000000
00 0000000000000000
00 0000000000000000
00 0000000000000000
00 0000000000000000
00 0000000000000000
00 0000000000000000
00 0000000000000000
00 0000000000000000
00 0000000000000000
00 0000000000000000
00 0000000000000000
00 0000000000000000
00 0000000000000000
00 0000000000000000
00 0000000000000000
00 0000000000000000
00 0000000000000000
00 0000000000000000
00 0000000000000000
00 0000000000000000
00 0000000000000000
00 0000000000000000
00 0000000000000000
00 0000000000000000
00 0000000000000000
00 0000000000000000
00 0000000000000000
01 0000000000000000
01 0000000000000000
01 0000000000000000
01 0000000000000000
00 0000000000000000
00 0000000000000000
02 0000000000000000
00 0000000000000000
00 0000000000000000
00 0000000000000000
00 0000000000000000
00 0000000000000000
00 0000000000000000
00 0000000000000000
00 0000000000000000
00 0000000000000000
00 0000000000000000
00 0000000000000000
00 0000000000000000
00 0000000000000000
00 0000000000000000
00 0000000000000000
00 0000000000000000
00 0000000000000000
01 0706050403020100
01 0f0e0d0c0b0a0908
01 1716151413121110
01 1f1e1d1c1b1a1918
01 2726252423222120
01 2f2e2d2c2b2a2928
01 3736353433323130
01 3f3e3d3c3b3a3938
00 0000000000000000
00 0000000000000000
00 0000000000000000
02 0000000000000000
00 0000000000000000
00 0000000000000000
00 0000000000000000
00 0000000000000000
00 0000000000000000
00 0000000000000000
00 0000000000000000
00 0000000000000000
00 0000000000000000
00 0000000000000000
00 0000000000000000
00 0000000000000000
00 0000000000000000
00 0000000000000000
00 0000000000000000
00 0000000000000000
00 0000000000000000
00 0000000000000000
00 0000000000000000
00 0000000000000000
01 0000000000000000
01 1111111111111111
01 2222222222222222
01 3333333333333333
01 4444444444444444
01 5555555555555555
01 6666666666666666
01 7777777777777777
01 8888888888888888
01 9999999999999999
01 aaaaaaaaaaaaaaaa
02 0000000000000000
00 0000000000000000
00 0000000000000000
00 0000000000000000
00 0000000000000000
00 0000000000000000
00 0000000000000000
00 0000000000000000
00 0000000000000000
00 0000000000000000
